encog,BasicNetwork,java,3.1.0,1,1441844834764
[BASIC]
[BASIC:PARAMS]
[BASIC:NETWORK]
beginTraining=0
connectionLimit=0
contextTargetOffset=0,0,0
contextTargetSize=0,0,0
endTraining=2
hasContext=f
inputCount=9
layerCounts=1,10,10
layerFeedCounts=1,9,9
layerContextCount=0,0,0
layerIndex=0,1,11
output=0,0,0,0,0,0,0,0,0,0,1,0,0,0,0,0,0,0,0,0,1
outputCount=1
weightIndex=0,10,100
weights=0.0860016381,0.4992107285,0.2086357096,0.6917719195,0.615079021,0.3804420104,0.0356042508,0.2029493276,0.2037919249,0.2104929246,0.5027981125,0.2447073583,0.6169318472,0.8306372839,0.5591384132,0.4558035371,0.3361112567,0.6255646689,0.0790011879,0.2907412903,0.0334682233,0.618531527,0.223269213,0.7455493053,0.4053440378,0.1619824383,0.3035996338,0.890286853,0.6031241269,-0.5177260843,0.7827002435,0.7207475929,0.3531164999,0.1641337332,0.8621213465,0.7013715057,0.0712121585,0.0410544555,0.3537048282,-0.1643865392,0.1660987481,0.2861817721,0.8786734458,0.1493073673,0.718689953,0.2000547729,0.2175494729,0.3570593368,0.5133425888,0.06914581,0.1416602678,0.720768918,0.701110289,0.1040091088,0.4267862079,0.027162881,0.1349133367,0.6550016539,0.6519888887,0.380103433,0.7967811696,0.412055814,0.7899910896,0.2426561096,0.3201750754,0.2115814717,0.3434938879,0.5140240202,0.5984632372,0.6710070554,0.0899387859,0.3685095804,0.450940844,0.2322040298,0.5362696056,0.25012146,0.4037650223,0.0303475372,0.0170321925,0.0207540403,0.082780551,0.3592526513,0.654608367,0.0756308983,0.2630338443,0.6213764981,0.8648202661,0.0711440769,0.0285428788,-0.1373197069,0.4298889238,0.7115190939,0.3768075987,0.3948927784,0.3840172235,0.1256121918,0.4929133144,0.3581609122,0.5445842526,-0.2327258403
biasActivation=0,1,1
[BASIC:ACTIVATION]
"ActivationSigmoid"
"ActivationSigmoid"
"ActivationLinear"
