encog,BasicNetwork,java,3.1.0,1,1441667070024
[BASIC]
[BASIC:PARAMS]
[BASIC:NETWORK]
beginTraining=0
connectionLimit=0
contextTargetOffset=0,0,0
contextTargetSize=0,0,0
endTraining=2
hasContext=f
inputCount=9
layerCounts=1,10,10
layerFeedCounts=1,9,9
layerContextCount=0,0,0
layerIndex=0,1,11
output=0.0030062728,0,0,0.0008513931,0,0.0000011663,1,0,1,0,1,-1,1,-1,0,-1,1,0,1,0,1
outputCount=1
weightIndex=0,10,100
weights=1.7464226557,0.6719621383,-2.6511351214,0.5819519932,1.6889586685,2.9748813573,-1.3537082914,2.8503836212,2.9431048088,-1.2493803459,105.0615096085,-36.0722843908,28.0089854589,15.1342396597,-1.2936921861,33.6732255158,44.6047070472,71.8438874771,-61.2960218071,-101.2189257462,21.1626518585,50.6913469893,210.2055716547,103.0145135124,-38.0702699028,-78.1854246166,-93.2652654221,-31.4376034181,-57.2271229443,-195.9531476949,-115.6372872008,62.3736681174,3.8206654015,20.3883725672,6.5137623068,-112.7986268502,177.6484014424,-74.7504419229,-96.2654384753,-1.0488062529,37.3146251065,7.8007108585,64.0815465699,8.0772142554,-12.1027749287,37.2533322245,-31.4111021752,-13.8078235408,-49.326046069,-80.4224017746,163.211536672,4.3014956246,-4.0741598907,-7.5308322638,-3.4698051932,-1.2426441635,2.6473162263,-4.7788820171,-8.9967647999,-166.8446431964,11.7772282699,55.3230311697,25.8111046746,22.0009902137,-17.3367513897,29.0666577389,15.411430043,7.7644733736,-1.9751536973,-55.048759617,51.8364901971,27.4038711192,33.6007297261,40.7924682717,-15.0858811769,-41.3894172621,-54.4267467155,39.862298471,-11.7725631954,-148.8339547241,-24.1403875852,72.1236771037,108.8285531012,81.3803216109,-6.2025988554,-12.1472173133,-51.9401932041,-25.5826371125,-2.1252047864,-102.4049921306,125.2802263417,-1.8625485642,200.8004770688,203.7230007426,2.3398057541,2.9364964042,-200.0348300435,1.0030148004,-29.8479154675,-325.8191412787
biasActivation=0,1,1
[BASIC:ACTIVATION]
"ActivationSigmoid"
"ActivationSigmoid"
"ActivationLinear"
