encog,BasicNetwork,java,3.1.0,1,1441847224878
[BASIC]
[BASIC:PARAMS]
[BASIC:NETWORK]
beginTraining=0
connectionLimit=0
contextTargetOffset=0,0,0
contextTargetSize=0,0,0
endTraining=2
hasContext=f
inputCount=9
layerCounts=1,19,10
layerFeedCounts=1,18,9
layerContextCount=0,0,0
layerIndex=0,1,20
output=0.9787092859,0.0000024652,0.0002268379,0.9992693832,0.0000000001,0.0004719642,0.0001801625,0.0001275968,0.0001766498,0,0.0000142249,0,0.000522836,0.0002052052,0.0003429587,0.0013232617,0.8649084623,0.0000183124,0.0000696772,1,1,0,-1,-1,0,0,-1,0,1,1
outputCount=1
weightIndex=0,19,199
weights=-3.6979936954,0.8150100519,3.1786238533,1.6717419675,0.2149783075,0.0036725676,1.0560005332,2.9830423552,-1.7161967046,-2.2858691425,1.8703863223,0.1399165911,0.2428045241,-1.3931560175,-0.5702500257,1.2269775322,3.3855697531,0.1200045235,-0.7290221344,-29.6349527333,20.7193516045,-2.1029764729,-40.6292876261,-15.442345904,41.2598688247,1.0982924176,-0.0894345143,-7.7045224923,-45.1709449538,4.723409156,2.4906540152,-7.2807107303,4.0338880364,-6.8780993654,-7.6252540189,3.2795466593,3.5246671835,-0.1052873917,-25.3556418708,8.7843756151,28.7690935834,-82.5575367917,26.682635815,-27.6422980741,84.1754718829,29.3788661785,-4.789460576,0.7930523512,-83.1221103852,-24.552265867,-5.3627301986,29.8726943258,-7.6550096524,-16.8629002035,-12.8580556891,-2.6791269721,3.6088777051,13.8761385999,-54.0773108496,-0.4039498005,0.3233397406,0.643972681,-0.9931799579,1.4819747559,-0.4475464486,0.8904507565,-0.2142162427,-0.9040727395,-7.2842356057,-0.3385261548,-0.6712931519,0.0080504676,-0.4708868729,0.5152510567,-1.4962852987,1.1821573088,-0.312495296,-0.4767451533,-7.1303112491,0.9143528094,1.0035189743,-0.4128092364,-1.2520598383,-0.2720928049,-3.3806625075,-1.0801148652,1.2088581584,2.6015556802,-8.2836273004,43.155324708,-29.0707887645,-8.948028217,-3.9344451166,-5.9859536924,-16.9321807274,23.027179854,-0.9728524006,13.1360142455,-44.0382720497,-38.4105833348,-9.594824482,28.9925700171,-13.2072613454,74.4764691729,14.5302643606,51.1518559054,-23.7737240276,-61.4191994689,-73.3057242116,42.6098762572,15.2195337022,-6.9956651428,9.6080672315,12.3183513215,0.2961805272,-5.3579571097,-9.4874905833,-74.281341214,-49.234124378,-3.1335871198,-19.5113719476,-2.4025924001,15.07484295,-16.6834177807,-21.487883117,-3.448199045,8.8357821684,15.6128039592,-45.7060703079,-0.5706913586,0.7566923746,0.9969895851,-0.8915018859,1.7566718068,0.0798549079,1.3818528797,-0.4319938082,-1.4835783902,-7.3823226801,-0.2429770098,0.4552768493,0.0825729629,-0.443148795,0.7281651279,-1.3404549667,0.8707754836,0.407986839,0.027956327,-7.1797871897,-17.6308424215,4.8036129732,3.4006908725,-2.6763808092,6.37613993,12.4480253427,9.4440007416,5.3053300174,-22.7128551186,-23.3923484567,-6.425159602,1.5514638887,5.4792581224,-0.513530891,5.5611478725,3.0507352731,10.2951611826,-7.9826357257,-13.3240510369,-21.0278219956,17.7468781338,-29.4644931624,4.1053204408,-5.6194515224,-0.0257087006,-8.5703557146,-1.2214143098,-13.2947129119,18.576956433,-51.9454085659,-10.6813950155,-14.2488123387,1.3063856844,17.5938504874,14.0396774576,-38.8419895001,2.8990499319,-2.4185448121,28.3173587897,-42.062187567,-0.1328682493,0.0577327948,-0.0169222324,-0.2681171098,0.5976627913,-0.7773895982,0.5752840054,0.7700408583,0.3792174956,-7.1994304415
biasActivation=0,1,1
[BASIC:ACTIVATION]
"ActivationSigmoid"
"ActivationSigmoid"
"ActivationLinear"
