encog,BasicNetwork,java,3.1.0,1,1442537600245
[BASIC]
[BASIC:PARAMS]
[BASIC:NETWORK]
beginTraining=0
connectionLimit=0
contextTargetOffset=0,0,0
contextTargetSize=0,0,0
endTraining=2
hasContext=f
inputCount=9
layerCounts=1,19,10
layerFeedCounts=1,18,9
layerContextCount=0,0,0
layerIndex=0,1,20
output=0,0,0,0,0,0,0,0,0,0,0,0,0,0,0,0,0,0,0,1,0,0,0,0,0,0,0,0,0,1
outputCount=1
weightIndex=0,19,199
weights=0.2393684371,-3.306783605,0.3194808817,0.3856570726,1.4290683724,-0.1305823613,0.1980850204,4.7186381636,-3.6066806616,2.985572178,0.06291839,-0.1152878965,-2.114368283,-1.3741078031,-0.0536707953,2.3140416128,0.0444386362,-0.0030227766,0.531238041,-0.630763057,4.6717111182,-4.95142496,-5.8595253641,-11.4270149403,-2.2691838527,-1.0311230412,-5.6296000459,-0.282183527,-14.5914356608,7.4198148636,0.0568540172,11.7982946661,5.0210872035,-4.4929471418,-0.0812512874,0.6554753145,1.9313852681,-10.4689047483,-13.4451653982,0.4111536966,-5.5967845472,-0.1970585359,2.0804891444,2.9948859417,1.4905307538,-2.4619982986,2.2156493747,-1.7603972041,-8.7608200243,0.5600711307,-0.2055199273,1.2082507024,0.7310698233,1.0840725025,0.930617886,1.186298252,0.1433346786,-0.9758163652,-5.0312315604,0.4293002117,11.2280190961,-18.5292166289,-7.8470736708,1.498789426,9.3273782641,6.8722954389,-10.4569191914,-11.263587754,-11.8882887611,-18.2910918938,-1.3789371671,3.7315161031,3.7601007161,4.5380933043,-12.0049658387,-5.7940192479,6.4071913198,-3.7233729869,-19.7995996394,7.6704115352,-11.8268988364,5.8051048142,1.3568901665,14.4575107972,3.8610272983,9.4109980444,-3.4289550011,-14.726446531,-16.0875603129,2.6378155381,-1.754365021,5.583125451,4.2750006692,0.8065080584,3.0739600896,2.3682954382,-2.6762855899,-3.3716120942,-7.6998866005,-3.7999356407,2.3160645738,-3.9669335948,0.2786342034,7.9547340422,1.3490624475,-8.6947290654,-1.1887523299,-1.9336181557,-9.0744957563,-12.090732062,-3.5340540411,12.8366673675,3.5861136427,3.1085503269,-0.3923128538,1.4001165692,-1.3743355561,-0.1535020014,-10.8450721053,0.805864395,0.1252074974,0.1117611995,1.059698697,1.4779905049,0.3202257444,0.4592853528,0.6043455363,-0.6862199323,-5.2130960793,0.3848413071,0.5075241022,-0.3884887291,0.5613001708,2.0388430991,-0.4557789725,0.5817904082,0.0871057935,-2.1938074409,-5.8252841868,6.5219084112,3.869929865,5.0922538738,-7.5392693176,8.4043887355,1.4022355428,2.048652057,1.7256426457,-3.5403597613,-14.9149332536,0.7306680555,-10.9384177786,-9.5677963973,7.7464304815,14.3390800383,8.1179418998,4.0118785429,0.8074785504,-1.3551433396,-18.5717089494,-0.1891959753,-0.0628282764,-0.9029234759,0.9905821044,1.3350681059,-1.6198362053,0.2070734539,-0.5566250841,-0.9764956387,-6.0597097303,9.2337367619,-10.4552065707,-1.6507614573,7.4190685194,1.4235594411,-2.2465071841,10.8086381683,-2.6812563207,-1.1978805889,-9.4582827595,0.6323680737,0.3298276032,-0.0401469119,0.7252306536,1.4876794709,-0.5202585114,0.620817691,0.2360467115,-1.2473321277,-5.5654450571,0.8861583141,0.7811633965,0.1576714146,1.2541564624,1.4858929822,-0.2627273863,0.4299910656,0.5702978665,-1.1643850869,-5.4770804789
biasActivation=0,1,1
[BASIC:ACTIVATION]
"ActivationSigmoid"
"ActivationSigmoid"
"ActivationLinear"
