encog,BasicNetwork,java,3.1.0,1,1442537640414
[BASIC]
[BASIC:PARAMS]
[BASIC:NETWORK]
beginTraining=0
connectionLimit=0
contextTargetOffset=0,0,0
contextTargetSize=0,0,0
endTraining=2
hasContext=f
inputCount=9
layerCounts=1,19,10
layerFeedCounts=1,18,9
layerContextCount=0,0,0
layerIndex=0,1,20
output=0,0,0,0,0,0,0,0,0,0,0,0,0,0,0,0,0,0,0,1,0,0,0,0,0,0,0,0,0,1
outputCount=1
weightIndex=0,19,199
weights=0.1276577926,-2.4265277072,-4.1404434484,0.1482900277,1.1199884969,-1.2212998566,-2.2404449928,1.2454792118,-3.9347654696,3.8678279313,-0.0034754426,-0.6024299205,0.7792607247,-2.6667552548,-0.4885745514,2.4117645939,-0.2178004401,-0.2261964733,0.2097959233,-0.3525065486,5.7283379839,-4.5497499897,-6.0527444863,-11.9756408681,-2.8435366054,-1.83689048,-5.7788783619,-0.88216652,-14.4821905062,6.7975965656,0.3365670104,13.7870430061,5.2497306752,-4.5489517135,0.3376123477,6.3367685249,1.9629647618,-9.9514020216,-9.9795027136,-0.3960580025,-1.9476653504,-1.7678609635,2.3171446143,2.5373732784,1.2811362803,-5.3084174885,1.7975843356,-1.4048336643,-6.2928565833,0.9763702937,-0.0071737944,1.0786514512,0.7019679477,1.2062330177,1.0112911081,0.2243622219,0.1733527467,-1.0825485515,-5.095938779,0.869257252,13.2421484384,-18.3653744556,-8.2249268626,2.793038013,9.8319197563,3.3094823995,-10.5489306627,-12.1382271687,-10.477445224,-18.71830823,0.400540049,3.8494567419,3.2799393899,4.1991583482,-12.2949505002,-6.4076417375,6.3079633202,-3.4121449286,-19.7071616648,7.3816096619,-10.6278134018,5.9349500675,1.1583472269,13.3950682886,2.9825200456,11.322073475,-3.8196900502,-13.7353811432,-16.165470567,5.6957705004,-0.7645017861,2.4600089161,3.4015453895,4.1281676569,1.2668302412,-4.6324420229,-0.8842301613,-2.7662200907,-8.4172835261,-7.7102662979,2.5015463089,-1.3427898998,0.8723403038,5.7798400664,-4.0414883137,4.519450852,-2.9488499158,1.1415184344,-9.0733063935,-7.6000075496,-2.4191339951,9.3312623837,3.6764782127,4.340007181,0.3074035323,-3.9566377152,-1.0551574677,-3.5849443905,-13.6944926286,0.8946887646,0.2876244513,0.0762392878,1.0203022908,1.4945272627,0.3352928389,0.1513887312,0.5839300486,-0.697679528,-5.225730755,0.1473977311,1.0109046702,-0.5244173966,0.5422519811,1.6682016854,-1.2288408672,1.1758723425,0.0699135433,-1.90472708,-5.693334983,5.1094512574,-0.6672903123,7.4085872546,-6.9253454793,9.2301248235,4.0485578096,7.4731275156,1.9864855903,-4.737800582,-13.6624155002,0.1169937187,-10.3852223507,-11.79074543,7.1274731211,12.2579104776,5.6264016207,8.7545090404,0.9605151701,0.4131210002,-17.3480869189,-0.3247454274,0.2919559091,-1.0548472619,0.9690206316,1.0508614123,-2.1661941578,0.6456645043,-0.541618162,-0.7451980514,-5.964592364,11.8453763363,-8.3934908463,-1.1044667842,6.708227506,2.3808109902,-0.1726168568,1.7356087201,-2.7129581002,-4.6078635601,-10.9324374178,0.6325412755,0.6754738738,-0.142586345,0.6804339327,1.3599903878,-0.7656700501,0.531293005,0.2143459925,-1.161582206,-5.5645176471,0.8628081578,1.1416516632,0.0929912169,1.1960558457,1.3738846926,-0.4568750408,0.345202142,0.5309712608,-1.0720683645,-5.4746467657
biasActivation=0,1,1
[BASIC:ACTIVATION]
"ActivationSigmoid"
"ActivationSigmoid"
"ActivationLinear"
