encog,BasicNetwork,java,3.1.0,1,1442537611508
[BASIC]
[BASIC:PARAMS]
[BASIC:NETWORK]
beginTraining=0
connectionLimit=0
contextTargetOffset=0,0,0
contextTargetSize=0,0,0
endTraining=2
hasContext=f
inputCount=9
layerCounts=1,19,10
layerFeedCounts=1,18,9
layerContextCount=0,0,0
layerIndex=0,1,20
output=0,0,0,0,0,0,0,0,0,0,0,0,0,0,0,0,0,0,0,1,0,0,0,0,0,0,0,0,0,1
outputCount=1
weightIndex=0,19,199
weights=0.4781324171,-4.6775384746,-0.2497653306,0.4967353064,2.5367710253,0.1308288791,-2.0767821093,5.0064656953,-3.1893216069,2.3874072465,0.0465865816,-0.1318977984,-2.4026780978,-1.3738836715,-0.0659752631,2.3173819786,0.0288464339,-0.0183095276,0.3623885259,-0.4028862657,4.6242540004,-4.2236684109,-5.6128263624,-11.4016974205,-2.0435571738,-1.0505951233,-5.8539680063,-0.5016346023,-14.4158355788,6.8704787639,1.5385040206,8.4550625677,2.3430820061,-4.5701678346,-2.0150185356,-0.9378189124,1.815397224,-9.9308799824,-13.2198994945,0.9878566969,-4.9793487201,-0.6934084843,2.2155243806,3.5652649395,1.3994470797,-3.4764234834,1.1836167346,-1.8998077534,-8.7588414237,0.6273440728,-0.3574643484,1.7516506346,0.8296590897,1.1333294648,0.9274553163,1.2408466918,0.1015025509,-1.0833753379,-4.9881380484,0.7738873426,10.5644507565,-15.8897690986,-7.395990893,1.7275737545,9.9736199083,7.3963872436,-10.9011071936,-11.7732916564,-11.6321175385,-18.1251270187,-0.6117293501,2.8835561192,3.727082112,5.0148247276,-12.5320427905,-6.2362809431,6.0377540961,-4.1097230365,-20.0501543626,8.9482013569,-9.2984794747,1.3627517514,0.9567499998,13.9754624289,2.6319254497,4.9256647629,-3.2254877821,-14.4920938071,-16.1184676286,3.155297197,-3.7551878759,10.187757546,5.2177298269,1.5981238919,2.6427381203,2.996602742,-2.429610323,-1.7439773711,-7.5660690297,-5.4302389965,3.0533115124,-7.1106522426,-0.6644000965,7.1844063587,1.8677159611,-7.7629270075,-0.4200295584,-0.1939483885,-8.2532045771,-10.2176794056,-3.0705709996,11.324306842,4.6291532858,2.9475754781,-1.3070483859,4.7638517228,-1.6038591752,-2.2159292932,-15.4014844328,0.8494376422,0.1492149942,0.1759267658,1.0810458798,1.509543366,0.2866706529,0.3772331669,0.5573606305,-0.7409984431,-5.2158346532,0.3791988129,0.590951329,-0.6086938199,0.530330832,2.0291652794,-0.4784740041,0.4997382558,0.0782752658,-2.1530767116,-5.8226982501,6.2942041657,4.2889996728,2.0927101359,-8.2119562347,8.0804979312,1.7867294109,1.3574966788,2.5634629545,-2.7906894486,-14.322218935,0.4439450776,-10.5150602216,-11.6409497858,7.3509659019,13.8429047972,8.2303358832,3.8804595604,1.2483171485,-0.6046415554,-18.5488114334,-0.1966852354,-0.0364018801,-0.9881598397,0.976161282,1.3235740597,-1.6207320551,0.1861603729,-0.5520173108,-0.9568097071,-6.058000206,9.7276323904,-11.1792272217,1.8500492091,8.0849534252,2.2536984013,-2.4236859709,11.0211295938,-3.4206774737,-2.4639203568,-9.4895880272,0.6546868556,0.3598669522,-0.0054911641,0.7397022329,1.5142535632,-0.5506692928,0.5656750821,0.1949035981,-1.2893798946,-5.5673236963,0.9026212153,0.8366441,0.1529227577,1.2632819587,1.5179544714,-0.3010386681,0.3533099974,0.512017916,-1.2095927002,-5.4775276361
biasActivation=0,1,1
[BASIC:ACTIVATION]
"ActivationSigmoid"
"ActivationSigmoid"
"ActivationLinear"
