encog,BasicNetwork,java,3.1.0,1,1442537622061
[BASIC]
[BASIC:PARAMS]
[BASIC:NETWORK]
beginTraining=0
connectionLimit=0
contextTargetOffset=0,0,0
contextTargetSize=0,0,0
endTraining=2
hasContext=f
inputCount=9
layerCounts=1,19,10
layerFeedCounts=1,18,9
layerContextCount=0,0,0
layerIndex=0,1,20
output=0,0,0,0,0,0,0,0,0,0,0,0,0,0,0,0,0,0,0,1,0,0,0,0,0,0,0,0,0,1
outputCount=1
weightIndex=0,19,199
weights=0.0580631969,-4.4560583268,0.5161667473,0.395046454,2.4866026152,-0.6607228542,-0.8824126374,4.4870876978,-2.8129386441,3.201946832,-0.0836023765,-0.2925896324,0.6737681422,-1.3731378607,-0.066698976,3.6508381354,-0.0480946912,-0.1633103877,0.7070539119,-0.6090462765,4.6294448305,-4.6797676438,-5.8117623561,-11.3957390446,-2.4777217157,-0.930360389,-5.6664364895,-0.5269937394,-14.5926736914,6.5399612323,1.2616043949,8.7573422209,2.5814754167,-4.1221764369,-1.5836415707,-1.1074451188,2.3190368111,-11.2606452602,-13.1125862505,0.2689786925,-5.9262668842,0.2869892591,2.0980012577,3.6441067277,1.749641179,-1.6389341262,1.0320186653,-1.6247119605,-8.8914336014,0.702248322,-0.299126377,1.5166200592,0.7947999308,1.1174043331,0.7284993232,1.205576138,0.1171644106,-1.0559949505,-5.0249290993,1.1669783529,10.3359368259,-16.3110130722,-7.4325362767,1.1145647286,9.3691057567,7.8606907301,-10.9397425543,-11.6052349296,-11.8938945907,-18.3041860973,-0.0840034604,2.2909694745,3.5289988787,4.5621367752,-12.2686220518,-7.7230288355,6.1572342633,-3.7328087131,-19.7629420244,8.0721759334,-10.1064741716,3.30236861,1.1532588186,14.2099281418,3.9496214642,6.2544126794,-3.2518265446,-14.5525106522,-16.1232839147,3.2277274082,-4.524373781,9.4089762654,4.4456528394,2.3145214004,1.703545127,2.5510723547,-1.3281333804,-2.2677185937,-7.3206421339,-5.0130423786,3.3898282515,-6.0973126052,-0.270416543,7.727222479,3.2084628737,-8.8592902623,-1.0243354906,-0.4448358263,-8.5099133745,-10.7746351842,-3.5167853221,11.681924674,5.3616032683,3.3611456401,-0.9201744424,5.1294533685,-1.528881427,-2.0682571631,-14.7512959236,0.9190502189,0.2769383113,-0.0331937731,1.0435782216,1.4728631037,0.259395564,0.1132041857,0.564842403,-0.6926731224,-5.2181392835,0.4139129029,0.9087795973,-0.9434063805,0.5016768772,1.9655588108,-0.4796892793,-0.0631406579,0.1481327152,-2.155155472,-5.8043161814,4.6282803211,0.2921235905,8.912355808,-7.4908360001,9.0811358169,3.8368938782,8.5999399842,2.3749249807,-3.9259581281,-13.9712161023,0.2333059748,-10.2670952798,-11.182653482,7.5329687952,13.9976396992,8.7276498249,3.303014045,1.2919525687,-0.920858841,-18.5970665376,-0.2047409126,-0.0073848178,-0.9975960698,0.9769138753,1.3219776334,-1.6026980691,0.1323116057,-0.5461095029,-0.9583302597,-6.0608942325,10.8086245858,-12.4955126795,1.5314563455,7.8965710531,1.3351735053,-2.9386994986,13.1211591726,-2.4178962069,-2.7637913969,-8.5261458958,0.6854624987,0.493980417,-0.1952098247,0.7092110187,1.4763626937,-0.5887910426,0.3378408285,0.2103288311,-1.2487737243,-5.5715175987,0.9630042061,1.0587724702,-0.1326342438,1.2147307255,1.4623500863,-0.3332367461,-0.0389344945,0.5345259175,-1.1519255713,-5.473982315
biasActivation=0,1,1
[BASIC:ACTIVATION]
"ActivationSigmoid"
"ActivationSigmoid"
"ActivationLinear"
