encog,BasicNetwork,java,3.1.0,1,1442537564501
[BASIC]
[BASIC:PARAMS]
[BASIC:NETWORK]
beginTraining=0
connectionLimit=0
contextTargetOffset=0,0,0
contextTargetSize=0,0,0
endTraining=2
hasContext=f
inputCount=9
layerCounts=1,19,10
layerFeedCounts=1,18,9
layerContextCount=0,0,0
layerIndex=0,1,20
output=0,0,0,0,0,0,0,0,0,0,0,0,0,0,0,0,0,0,0,1,0,0,0,0,0,0,0,0,0,1
outputCount=1
weightIndex=0,19,199
weights=1.9516605607,-3.3922872227,2.2985684371,0.1525334536,1.0052459915,1.8900716777,0.1133393506,1.2053698952,-2.2334601537,1.5981679623,0.1275799354,0.0584844412,-2.8766969575,-1.3755567773,-0.019980941,2.3073945769,0.1289564479,0.1684046943,-1.2342064817,-0.9956767207,5.5560213869,-4.9871837366,-6.143672276,-11.7500198335,-3.8737702541,-1.1144037145,-5.3103168881,-0.7172809896,-14.6572526269,7.467033401,-3.538826182,15.5411961262,6.396851136,0.0895724912,3.7917691782,5.5229794317,-0.2036455562,-9.7960747538,-10.9587135965,1.2613709651,-4.0858566094,-1.2294814551,1.7525560832,3.0274240467,1.7033065026,-4.9709843818,2.4799565703,-1.7024469241,-7.6610954722,0.8448553565,0.2450282992,0.8465543113,0.7251778701,1.0307055083,0.5767979138,0.4038612246,0.2289712083,-1.0297320677,-5.1288159377,-0.0715978726,13.30667768,-20.0695664822,-8.3637554689,2.4394425688,5.7319199832,4.705992888,-9.7930959267,-11.4398325949,-12.987503632,-18.7490560711,-0.4767847929,3.2791956903,3.4700653544,4.4592122184,-12.6532594114,-6.150173014,6.5549788421,-3.5759385569,-19.9495659914,7.5369700186,-12.6062963559,6.551711866,1.3930997827,14.5316484386,4.674435877,10.8696242781,-3.5302886449,-14.7569235518,-16.1079668695,2.920519202,2.7573340304,0.7398388888,3.3288796597,2.0699135954,-2.5042407462,-1.7410558775,-0.1622750421,-2.5854960769,-9.8255273557,-6.3424445174,-2.8640334229,0.628618253,0.5909033182,8.6403527717,5.5460656875,2.2143631255,-2.2128771762,-1.1280165618,-9.7040912069,-9.3069798401,1.3315754226,7.0336798251,3.1120087649,1.717383807,-5.4690578355,-1.6942899564,-0.6231880814,-2.3535863194,-13.7679561447,0.8500380934,0.2951046139,-0.0114341245,1.0360051705,1.4536297847,0.2033069491,0.2205443608,0.6354701087,-0.6914594548,-5.2297761437,0.2794319414,0.3754591922,-0.2810261273,0.5518668831,2.063200416,-0.3433564087,0.8809653937,0.0657840646,-2.1602438553,-5.8357187254,6.2084164238,-0.445866494,8.9664904769,-7.7861155172,8.5138037056,5.4069223774,7.6304993801,0.9761576974,-4.1455335084,-13.741225734,-0.0266142437,-13.1435163371,-7.8758976012,7.9569401282,14.7474262425,9.8469942485,7.4999682537,0.3987794245,-1.2548431081,-18.3269176183,-0.2293615768,-0.1296902423,-0.8504441578,0.9923196327,1.3470820556,-1.5645616816,0.3411049632,-0.5691170787,-0.9663705762,-6.0565053133,10.4998047102,-6.7488346923,-4.5159159886,7.0635905391,0.7584318656,-5.1444393408,4.9488381337,-1.9913542662,-1.3490474116,-9.8811619885,0.633999211,0.4631722275,-0.1177283548,0.7035094323,1.4638736238,-0.6134703392,0.4888043411,0.2584137766,-1.2526762014,-5.5798211539,0.8442671543,0.9236980808,0.0866462202,1.2221653945,1.4693875067,-0.3551432511,0.3466906681,0.5924693493,-1.1626509851,-5.490025542
biasActivation=0,1,1
[BASIC:ACTIVATION]
"ActivationSigmoid"
"ActivationSigmoid"
"ActivationLinear"
