encog,BasicNetwork,java,3.1.0,1,1442537606787
[BASIC]
[BASIC:PARAMS]
[BASIC:NETWORK]
beginTraining=0
connectionLimit=0
contextTargetOffset=0,0,0
contextTargetSize=0,0,0
endTraining=2
hasContext=f
inputCount=9
layerCounts=1,19,10
layerFeedCounts=1,18,9
layerContextCount=0,0,0
layerIndex=0,1,20
output=0,0,0,0,0,0,0,0,0,0,0,0,0,0,0,0,0,0,0,1,0,0,0,0,0,0,0,0,0,1
outputCount=1
weightIndex=0,19,199
weights=0.4515486719,-4.4548166367,-0.8696235642,0.4432998867,2.4058248221,0.3133930305,-1.3208021073,4.6337602183,-3.5432218491,2.6878318773,0.0705792068,-0.1199426215,-2.686731631,-1.3742171442,-0.0608357593,2.3151192672,0.0443058016,0.0043164034,0.4070744897,-0.50158338,4.5849233761,-4.4572966403,-5.7450530285,-11.4162117436,-2.3380883777,-0.933607666,-5.6210213384,-0.6510963179,-14.4851129767,7.5256181009,1.289186165,9.3134462418,2.7497245894,-4.935293135,-1.6353651099,0.1653576925,1.7405503264,-8.968206575,-13.2454827867,1.6551902119,-4.7254982493,-1.1540968082,2.1327154485,2.8788333282,1.5577047286,-4.4920508392,2.3400603012,-2.0592001935,-8.3299006071,0.7418080451,-0.3428945979,1.5218486761,0.8229867914,1.1242923578,0.9439160973,1.0953577077,0.1593032518,-1.1101611212,-5.0123096097,1.0878937949,10.7156647195,-17.0428338563,-7.4412330574,1.8527292043,9.4976875485,6.8618553544,-10.4258595506,-11.8777242057,-11.7928792062,-17.947630025,-0.9501135296,3.0456644491,3.75863178,4.9062675618,-12.2157992925,-5.8630099137,6.448972626,-4.1415785667,-20.0525559675,8.2589769485,-10.4475379534,3.7461096327,1.0964584405,14.0577710092,3.3149242907,7.4140926094,-3.2942064393,-14.5015458611,-16.1157748271,3.400337623,-3.271062821,8.7506983748,5.3382882768,1.4773999437,2.1105698391,2.0519471362,-2.0307002952,-2.485935563,-7.2888858004,-5.7697381324,3.3637000735,-5.4365951978,-0.639067954,7.7234780489,1.4262231192,-7.3109604815,-1.4619333713,-0.6171761598,-8.1412233225,-9.9019627861,-2.9886726669,10.8078472004,4.6082030498,3.0692532666,-1.2592021233,3.9137473944,-1.1356647637,-2.767836499,-14.7313583885,0.8679933957,0.1159547683,0.1625448162,1.0825537743,1.5003259677,0.3189498702,0.4047670146,0.6106401677,-0.7428109681,-5.2139328216,0.3419811445,0.5302814696,-0.4741929744,0.5375227637,2.0299544615,-0.4375708108,0.6288864585,0.0803965438,-2.1540624227,-5.8237234558,5.6840786352,4.7793063175,3.4789587633,-8.3775857597,8.1188395909,1.4186023259,1.4491230253,1.638615567,-2.9375127384,-14.1055402417,0.0144833901,-10.5320635136,-10.7128391462,7.3787082982,13.9523070049,8.0996211868,4.4075777957,0.7363825355,-0.5939204734,-18.5545005109,-0.2136257975,-0.0451620909,-0.9465605678,0.9777816767,1.3250484501,-1.6186903297,0.2222949741,-0.5592628223,-0.9543617129,-6.058509107,10.4422031245,-11.1409632233,0.2860658139,8.0376924515,2.0661038117,-2.2197507529,10.1405156019,-2.5614136296,-2.4865813061,-9.4845136513,0.6680181035,0.3249212103,-0.0026671646,0.7414830816,1.5060821344,-0.5186053982,0.6016513242,0.2394066744,-1.2901489996,-5.566209264,0.9076610114,0.7814645241,0.1855746678,1.2674799084,1.5084745888,-0.2562130215,0.4284102438,0.571664978,-1.2088886351,-5.4771570295
biasActivation=0,1,1
[BASIC:ACTIVATION]
"ActivationSigmoid"
"ActivationSigmoid"
"ActivationLinear"
