encog,BasicNetwork,java,3.1.0,1,1442537617771
[BASIC]
[BASIC:PARAMS]
[BASIC:NETWORK]
beginTraining=0
connectionLimit=0
contextTargetOffset=0,0,0
contextTargetSize=0,0,0
endTraining=2
hasContext=f
inputCount=9
layerCounts=1,19,10
layerFeedCounts=1,18,9
layerContextCount=0,0,0
layerIndex=0,1,20
output=0,0,0,0,0,0,0,0,0,0,0,0,0,0,0,0,0,0,0,1,0,0,0,0,0,0,0,0,0,1
outputCount=1
weightIndex=0,19,199
weights=-0.4481048478,-5.0263229701,0.6671055009,0.3184380946,3.1472133612,-1.7706924099,-1.1482192315,4.2248595974,-3.1889090272,4.099081391,-0.1067928379,-0.2136764285,-2.0083717555,-1.3747274736,-0.0151648139,2.3029216442,-0.017819054,-0.1934465304,1.2374407953,-0.7471471745,5.0287573076,-4.6956181572,-5.6953972549,-11.3412335258,-2.398741307,-1.0702975039,-5.9752211996,-0.4304788969,-14.5619865509,6.1167125917,1.6390395679,8.4040718686,3.4446860708,-4.6465804992,-1.3950061341,-0.6124782095,2.7004869457,-11.0435298033,-13.0201966791,0.1722364043,-6.8321696362,0.6036519576,2.2794210707,3.6401495969,1.1163037583,-0.8824932784,0.9547634729,-2.0790505524,-8.7694146531,0.769916085,-0.580081708,1.4532531566,0.7838922455,1.127003496,0.3994850819,1.1886615404,0.0722185673,-1.1684648049,-5.0349232504,3.3372983948,7.7746566329,-16.3746402419,-7.6221774827,0.0912304642,7.7364806084,6.3360759653,-10.9258618448,-12.524622308,-12.7117942677,-18.7819637603,0.893544791,2.752928424,3.487028412,4.4271378943,-11.4751482899,-7.8296499429,6.1281473123,-3.2254172869,-19.560140961,7.7204803976,-10.1013643564,4.4359244812,1.2611596863,14.3255512671,4.8834293193,7.5660334039,-3.244440206,-14.2645023842,-16.128602729,4.3644405779,-8.8414064058,9.1698924971,2.7826581438,3.2111103249,-1.2241871696,2.7266546043,-1.4923127132,-4.4368101586,-7.5032529812,-5.5017656083,4.8685693733,-6.5056402201,-1.2603753595,8.7640626541,4.4799027403,-8.7066075146,-1.1837699266,1.122238813,-8.1181912368,-11.1118824077,-5.3866241317,11.434826482,6.6713320788,2.6175670115,-2.4632953456,4.0409884691,-1.6401138922,-3.2503780134,-14.0995524196,0.8787179639,0.3239097457,0.006418537,1.062712387,1.4616949275,0.32368575,0.1928784226,0.5602248799,-0.692877884,-5.2159498582,0.3487885929,0.9274515427,-0.7175601133,0.5250995732,1.977751514,-0.2562323442,0.2254073368,0.1493326404,-2.0748683147,-5.8257921535,5.5900216974,6.04856652,3.0876266148,-7.7487685934,8.3580123061,4.369972924,1.0642939756,2.8707070454,-1.9218259102,-15.0453341556,0.0642138248,-9.1129081238,-10.9331415147,7.4722898267,14.0000941537,9.9783858619,3.1473099373,1.4151092371,-0.3319525795,-18.6678024906,-0.2196304526,-0.0155268794,-0.9489007059,0.9808066594,1.327326518,-1.568046119,0.1918673725,-0.5433890314,-0.9451531679,-6.0636020645,10.3636337488,-13.5671425143,0.6137159893,7.8799838731,2.0326199914,-5.3246109103,12.2251337677,-3.7050331175,-2.8762200667,-9.3205511873,0.6553825434,0.4323320875,-0.1035107302,0.7266702251,1.4828437128,-0.5664757143,0.4796828542,0.2007287089,-1.2594964502,-5.568730926,0.9026368243,1.1219663183,-0.0240213413,1.2441094164,1.4525877711,-0.1953082494,0.1365989305,0.5299759882,-1.1308177304,-5.4692608932
biasActivation=0,1,1
[BASIC:ACTIVATION]
"ActivationSigmoid"
"ActivationSigmoid"
"ActivationLinear"
