encog,BasicNetwork,java,3.1.0,1,1442537677416
[BASIC]
[BASIC:PARAMS]
[BASIC:NETWORK]
beginTraining=0
connectionLimit=0
contextTargetOffset=0,0,0
contextTargetSize=0,0,0
endTraining=2
hasContext=f
inputCount=9
layerCounts=1,19,10
layerFeedCounts=1,18,9
layerContextCount=0,0,0
layerIndex=0,1,20
output=0,0,0,0,0,0,0,0,0,0,0,0,0,0,0,0,0,0,0,1,0,0,0,0,0,0,0,0,0,1
outputCount=1
weightIndex=0,19,199
weights=3.509602282,-4.4619727672,-3.6796054322,-1.5622657132,1.744282655,4.5258057826,2.2760769568,-3.8518693952,-3.6586983141,4.5507414946,-0.1047452277,-4.4791359773,-3.3102427121,3.4687805477,-1.8071739811,1.6889759726,-0.0691019306,-2.4123982342,2.050211614,22.1074865167,5.0781148851,-6.5936013993,-5.1220613204,-13.4480911037,-7.4082116695,-7.5190746829,-11.5987565799,2.6489214414,-32.8289539476,7.6548085238,-1.0905045477,8.7083994246,-2.8237799564,-15.1894834388,2.1072153893,4.2871360383,-3.7929786151,-23.0716266302,-16.0153626967,-8.6365389582,-15.5898327397,-7.5886865489,5.2119285959,8.6184203762,7.4317087482,-23.074178099,2.0719868994,0.8466289711,-21.4571409982,-3.5899650364,-0.3311062461,-1.9105824592,-2.357254409,1.243866675,9.4037729573,2.0558513268,1.7941914658,1.5956324725,-7.6822421502,13.0059831034,13.4104445255,-25.3997438839,-2.1437031877,2.2793608585,0.1888663276,6.167837083,-14.1912918247,-14.570243327,-30.1699710411,-17.9096787086,-7.349284103,10.4429396372,5.4528395643,15.1954781767,-26.068618697,-8.5967981183,2.6130581079,5.398597637,-35.8235511065,10.0197490867,-17.7299775156,4.2519345193,7.0499099809,30.3857629373,-5.5146889483,21.432654141,-2.7984980113,-24.2409563312,-35.0862141135,-13.4739857044,13.7231700001,-11.9125102076,6.7857327042,9.8580086642,10.987154796,2.2959557115,-1.2955980082,-2.8677410396,-30.1750597537,-23.741264637,7.1272524622,-8.85574764,-3.3705230752,7.1544093636,5.4615834653,-3.3144226641,-5.0610821046,-2.8685810381,-30.4294909696,6.9623870301,-4.7878426812,18.8037253218,23.3263670955,1.2717473739,-6.528156636,1.6303363357,-2.1091271009,3.3637536884,-24.036646515,-1.8130956738,2.4883113169,-1.8757477935,1.200786766,2.188568498,2.5302959085,1.4115835288,0.5633431893,0.3349978302,-8.2171543143,-28.4847293108,4.1334976111,-6.2929709947,-5.4578764133,8.0259475285,-7.7825245996,17.9108272933,-7.3807204353,27.6241865922,-24.2651234464,-13.1923175989,20.485798511,6.1668006518,-11.9325421752,21.3442879699,10.0724039727,-6.3551535421,-1.8824600652,-4.7159960244,-32.2962384973,8.8274299116,-15.6025385411,-15.38503683,6.2232411024,7.2555322447,2.1939027931,5.9468194909,-3.9528397907,4.5548971788,-26.9472031873,-10.6989790164,6.9473980603,-7.6519636696,0.2260420197,5.0073571826,2.3349722662,8.1554987256,1.9448648041,1.590231102,-19.6438132416,26.8194094153,-20.9692050597,5.7823147722,7.3099062184,-2.439404189,-20.3940629268,15.8662378576,8.4112236772,-5.983601867,-42.1557205004,-2.5936544332,3.3125576846,-2.9101811938,0.8249356297,1.6127693453,1.8855538317,1.4241778475,-0.2009039654,0.0750944523,-8.8984293873,-3.6911553917,9.5537253946,-6.9257120604,1.7103665197,0.9284870555,-1.2220668965,0.6922836142,0.5580676028,3.0889270871,-9.3559041314
biasActivation=0,1,1
[BASIC:ACTIVATION]
"ActivationSigmoid"
"ActivationSigmoid"
"ActivationLinear"
