encog,BasicNetwork,java,3.1.0,1,1442537574861
[BASIC]
[BASIC:PARAMS]
[BASIC:NETWORK]
beginTraining=0
connectionLimit=0
contextTargetOffset=0,0,0
contextTargetSize=0,0,0
endTraining=2
hasContext=f
inputCount=9
layerCounts=1,19,10
layerFeedCounts=1,18,9
layerContextCount=0,0,0
layerIndex=0,1,20
output=0,0,0,0,0,0,0,0,0,0,0,0,0,0,0,0,0,0,0,1,0,0,0,0,0,0,0,0,0,1
outputCount=1
weightIndex=0,19,199
weights=2.104351294,-1.5760666331,3.1192625253,0.1953744457,0.1794481424,1.8900628307,0.1133507968,1.4500237701,-2.2335087804,1.4801380802,0.1297160761,0.0408999994,-2.7054728589,-1.3755567856,-0.0261095847,2.3113549048,0.1193907663,0.1618930797,-1.3195581483,-0.5686030111,5.3100076236,-5.0980788041,-6.1511949151,-11.7364103953,-3.5229482224,-1.836560583,-5.3103168881,-0.5430092431,-14.8856131611,6.8124620227,-3.3851172278,15.624656216,6.4462509743,-0.0041495184,3.5989223055,5.6387946107,-0.2036455562,-9.298286261,-10.6151351073,2.885719345,-4.0790503929,-0.2314190149,1.8057520729,1.8450969923,1.8275689106,-5.8938435238,2.4799565703,-2.8746393272,-7.3816505018,0.9127880799,0.2410375301,0.8740269789,0.7253005588,0.9935248536,0.5903739813,0.3419506286,0.2289712083,-1.0600319306,-5.1231043525,0.3201496134,13.1681805435,-19.8147526821,-8.4240160729,2.2753314146,5.8399750779,4.2987372459,-9.7930959267,-11.7277769778,-12.8935536365,-18.1690555423,-0.5124898962,3.4720164771,3.4623089665,4.175475181,-12.5188816696,-6.6298987784,6.5549788421,-3.838760869,-19.9657147393,7.5717582636,-12.60843634,6.5632790649,1.3926347923,14.5146279943,4.6824940969,10.8408481855,-3.5302886449,-14.772685632,-16.1089331568,3.5971864191,2.7399015679,1.1395350222,3.3278432274,1.5926002744,-2.4081546638,-2.3515184087,-0.1622750421,-3.032446807,-9.5597177414,-7.027826297,-2.8218588663,0.4007491874,0.6000680698,8.9756608476,5.387287369,2.7812361073,-2.2128771762,-0.8174299688,-9.6849192658,-8.8349432541,1.1517494617,7.0433127453,3.1047551695,1.6391475645,-5.2133749569,-2.227813337,-0.6231880814,-2.4245806522,-13.9311205847,0.8922894421,0.2921528869,0.0036045127,1.035444274,1.4325617945,0.2128489256,0.1846467305,0.6354701087,-0.7105072549,-5.2304453331,0.2978082758,0.3717435336,-0.2735594287,0.5509396651,2.0555681221,-0.3385479369,0.863629261,0.0657840646,-2.1690394399,-5.835936915,5.3970837238,-0.3840108967,8.7052199103,-7.7849223606,8.8973071903,5.2216407053,8.2812861691,0.9761576974,-3.7565492765,-13.7046758438,-0.4487278284,-13.1175398953,-8.0162388931,7.9625850172,14.9539350376,9.7492054145,7.8490982389,0.3987794245,-1.0635573111,-18.3151770005,-0.2358985643,-0.1296421489,-0.8522199544,0.9922616006,1.3503887579,-1.5660826486,0.3463241205,-0.5691170787,-0.9637890838,-6.056002227,11.2174871201,-6.7922445384,-4.2713228926,7.0541934614,0.4025244119,-4.9803180593,4.3536797109,-1.9913542662,-1.6791116484,-9.8917996696,0.675125773,0.4580714982,-0.1034478494,0.7026240308,1.4452257112,-0.6031168012,0.4520689347,0.2584137766,-1.2705116947,-5.5814634929,0.8999368038,0.9167287954,0.1061241404,1.221116636,1.443909622,-0.3411252428,0.2962028739,0.5924693493,-1.1863331969,-5.4917793027
biasActivation=0,1,1
[BASIC:ACTIVATION]
"ActivationSigmoid"
"ActivationSigmoid"
"ActivationLinear"
