encog,BasicNetwork,java,3.1.0,1,1442537589840
[BASIC]
[BASIC:PARAMS]
[BASIC:NETWORK]
beginTraining=0
connectionLimit=0
contextTargetOffset=0,0,0
contextTargetSize=0,0,0
endTraining=2
hasContext=f
inputCount=9
layerCounts=1,19,10
layerFeedCounts=1,18,9
layerContextCount=0,0,0
layerIndex=0,1,20
output=0,0,0,0,0,0,0,0,0,0,0,0,0,0,0,0,0,0,0,1,0,0,0,0,0,0,0,0,0,1
outputCount=1
weightIndex=0,19,199
weights=0.5390062962,-3.4647651076,5.9251913121,0.2811444211,0.7504973384,0.1421971871,0.6260590337,1.1604715747,-3.5061667935,2.9213903673,0.1956021702,-0.0060350191,-2.0929196217,-1.3755563959,-0.0194152698,2.3094267713,0.1326879224,0.1455857455,0.2468557644,-0.8596651315,4.7176568777,-4.9770189494,-5.8573106235,-11.0170297146,-3.0901508926,-0.0020680952,-5.3103168881,0.0703329846,-14.9779674355,8.3492881199,-2.2597235846,11.9803015743,4.2188932702,-2.8279949855,1.780075732,0.7938533705,-0.2036455562,-11.7502178704,-12.5345018663,2.4581324206,-5.1465720358,7.6001360632,3.3047830169,2.8955311676,3.5400000951,4.0277594233,2.4799565703,-0.8936047555,-3.5890267471,0.8731219711,0.1748692461,0.9500069888,0.8023962868,1.0799127792,0.6814526426,0.987588948,0.2289712083,-0.9536819758,-5.0737082997,0.1993297595,13.6528345849,-19.3900301173,-7.9179352768,2.5246935615,6.1849828528,7.0686357393,-9.7930959267,-11.1935478758,-11.805485532,-18.491982107,-0.8021072057,3.5311351674,3.725981046,4.6559728243,-12.4681116936,-5.5081067994,6.5549788421,-3.5604735587,-19.7995572973,7.5075237082,-12.6509704644,6.5551870434,1.3542531562,14.4260274363,4.6821278251,10.9691345463,-3.5302886449,-14.7473419827,-16.0940699973,3.2389077939,2.3116370087,1.2378302572,3.7725215611,2.2662547685,-1.9401097396,1.3233493998,-0.1622750421,-2.2006923276,-9.6958476554,-6.6659110733,-2.036680348,-1.0461327476,-0.6865131557,7.6298122333,4.0408015329,-8.0559104834,-2.2128771762,-2.0861360008,-9.1440767599,-10.0490480917,0.5810304722,7.9647451426,4.7243712504,2.6686080313,-2.5288346817,3.2627296161,-0.6231880814,-0.5701642471,-13.5997156343,0.8654089703,0.2547038421,0.0566785941,1.0895265669,1.4883469961,0.2695846232,0.6395970352,0.6354701087,-0.6431203321,-5.1981661207,0.2875597546,0.3687719918,-0.287734358,0.5441403819,2.0518464092,-0.3557948607,0.7792004933,0.0657840646,-2.1778564841,-5.8308997737,5.4629864369,0.2661947256,7.3451845654,-8.3334399256,7.9795755009,4.0281491974,2.1391310677,0.9761576974,-4.2547670868,-14.6402564241,-0.1724871263,-12.7907358234,-8.5009803376,7.4439477029,14.3417072583,9.262848101,3.8712842503,0.3987794245,-1.6446308549,-18.5306466556,-0.2318937027,-0.1237331843,-0.8611328589,0.9829590659,1.3390179283,-1.5753748385,0.272368453,-0.5691170787,-0.9745269095,-6.0594662948,10.7485869924,-7.3455024299,-3.4656427504,7.924841846,1.4399540876,-4.1601363157,11.0339515942,-1.9913542662,-0.6937334971,-9.5346287388,0.6531204025,0.4211750876,-0.0695331999,0.7454106854,1.4956388978,-0.5611215967,0.7859250943,0.2584137766,-1.2137509146,-5.5596519106,0.8747460181,0.8661880727,0.1410337941,1.2731316863,1.5047250062,-0.2922054492,0.6892985223,0.5924693493,-1.1135441784,-5.4684134279
biasActivation=0,1,1
[BASIC:ACTIVATION]
"ActivationSigmoid"
"ActivationSigmoid"
"ActivationLinear"
