encog,BasicNetwork,java,3.1.0,1,1442537668047
[BASIC]
[BASIC:PARAMS]
[BASIC:NETWORK]
beginTraining=0
connectionLimit=0
contextTargetOffset=0,0,0
contextTargetSize=0,0,0
endTraining=2
hasContext=f
inputCount=9
layerCounts=1,19,10
layerFeedCounts=1,18,9
layerContextCount=0,0,0
layerIndex=0,1,20
output=0,0,0,0,0,0,0,0,0,0,0,0,0,0,0,0,0,0,0,1,0,0,0,0,0,0,0,0,0,1
outputCount=1
weightIndex=0,19,199
weights=3.45841271,-4.2397085651,0.6531541341,-2.1563019102,2.8517931903,5.2613249655,2.5862377628,-1.922955803,-4.5921438832,5.0503580576,0.1036005947,-5.3932094503,-2.2578481651,-2.9538709754,0.3207132904,3.4771661948,0.1023166023,0.1661870072,2.0221171508,36.0826573304,7.3790698393,-6.0306540982,-5.1433273476,-14.7984622038,-7.5828335725,-3.7154913666,-3.8797386205,3.8580729819,-43.8946508846,14.3819542054,-1.3023832837,3.9913074669,-6.7200380087,-28.8844212617,2.7872828224,-13.2272450145,19.4426422864,-17.6702764848,-30.2767938457,6.2960919297,-13.9411090609,-0.8084317121,3.2560355066,7.1397387817,-1.6113786457,2.5671878345,-2.6080826092,1.7468971533,-23.990884495,-5.1734216122,3.8217237034,-2.318595517,-4.7456041652,0.445854586,3.8142963264,3.5128538793,3.9247589983,6.0550731927,-3.4470123867,11.2826436546,13.7392372458,-30.3924258061,-8.1615228503,13.0765580589,-10.1603815314,24.7340181817,-17.0514612955,-7.6811429082,-34.2849844328,-10.0435299936,-7.0748342442,12.4101971682,-3.4423821054,18.4694908191,-18.5424602181,-17.3948354866,-1.316954602,13.794375862,-33.2947380104,16.015399636,-31.8486872238,-8.6091838341,1.6582363274,47.473595712,-2.2879326304,33.2017056133,-7.31594772,-6.4135303715,-50.8115366449,-9.0464086474,7.638702739,-6.4250037228,7.6128826244,7.1540793651,3.6984710488,3.8375726622,-2.9710735301,-7.8212923077,-27.6943400455,-47.2206929525,1.800189324,-1.8075875737,7.1403471212,13.5824762537,6.4818238608,-47.7763002476,-1.2432799461,9.0461043102,-51.8271044014,-7.2160776526,5.7886036899,22.8412735976,29.0684745186,11.5295140679,-7.6679035615,11.4527266615,-11.2128340176,9.316023467,-24.6482426081,-0.9133035904,1.5457671072,-2.3200237599,0.9829801482,1.4759066146,3.1871929917,1.8667422636,0.9233208017,0.0810700958,-8.1685016713,-6.7922055943,-6.7068075822,-9.4864791662,3.4447391638,8.425099269,-50.1943666795,-17.02134657,-14.8827635265,-10.8325284667,-16.770640675,-16.6213965437,21.1661379245,7.3313734836,-13.6977931124,25.0153910619,3.3508464327,-13.6360505294,-2.8475967441,-6.4549298021,-39.8216113814,-12.3158208391,-5.8409867327,-23.0605441725,8.5348082324,11.6843048192,13.78152902,-8.9315409379,1.8247582578,-0.1251996488,-32.5489721702,-1.260469322,0.4450028913,-3.8896095816,-0.3551906173,0.1628492412,1.1990799702,-0.0828154624,-0.8319857855,-0.2042760677,-7.3850820899,25.54543571,-14.4156651719,-9.914966557,13.1362518012,2.240982373,-0.5260174753,16.4339057706,0.874957744,-0.8532934271,-44.4928529792,-0.5868610749,1.072137052,-2.1660786519,0.1257955057,0.7216799457,1.2657102011,0.2935090469,0.1969666565,-0.7498579519,-7.4535161638,-0.2695123291,1.3139991062,-2.3324085501,0.3439735434,0.5542930002,1.4102966842,0.2363823045,0.4837530181,-0.3763744333,-7.509626149
biasActivation=0,1,1
[BASIC:ACTIVATION]
"ActivationSigmoid"
"ActivationSigmoid"
"ActivationLinear"
