encog,BasicNetwork,java,3.1.0,1,1442537581655
[BASIC]
[BASIC:PARAMS]
[BASIC:NETWORK]
beginTraining=0
connectionLimit=0
contextTargetOffset=0,0,0
contextTargetSize=0,0,0
endTraining=2
hasContext=f
inputCount=9
layerCounts=1,19,10
layerFeedCounts=1,18,9
layerContextCount=0,0,0
layerIndex=0,1,20
output=0,0,0,0,0,0,0,0,0,0,0,0,0,0,0,0,0,0,0,1,0,0,0,0,0,0,0,0,0,1
outputCount=1
weightIndex=0,19,199
weights=0.6687020216,-2.0499804414,3.1839084277,0.2162741971,1.838252718,1.9048649853,0.1133661422,1.5550850466,-2.2335377612,3.2071280883,0.141302822,0.0400325367,-2.6672990062,-1.3755567972,-0.026544131,2.3113970183,0.1255718486,0.1833563358,-1.1433139647,-0.8659502593,5.3907840179,-4.8087529835,-5.9812430187,-11.4441732082,-3.5641398671,-1.7270562639,-5.3103168881,-0.6949342943,-14.9235095413,7.4090484955,-3.7009492452,15.4805806706,5.7570974344,-0.6606727088,3.6026771494,5.8651077211,-0.2036455562,-9.5519627826,-10.2441758372,2.6674313272,-3.4711925613,0.3911648221,2.1814158309,1.9784894009,1.950198316,-5.8980513124,2.4799565703,-2.9123371838,-7.6422763602,0.8897586233,0.2910654075,0.9130967743,0.7577388421,1.0145113636,0.5965163813,0.311039345,0.2289712083,-1.0522061498,-5.1168499511,0.1712254008,14.6854937127,-19.4933739245,-8.0751601996,1.9126549311,5.9596535745,3.9769224821,-9.7930959267,-11.6649808024,-11.8709321803,-18.4628693288,-0.033970651,3.8247653926,3.7957459815,4.3738223144,-12.4344791171,-6.8744954103,6.5549788421,-3.7633845818,-19.9049528107,7.5557582355,-12.5814917723,6.5827115225,1.4109199238,14.5282095515,4.6858789687,10.82793535,-3.5302886449,-14.7681887972,-16.1069345739,3.5093614339,3.0778892663,1.4810087574,3.5403410921,1.6491633394,-2.368272844,-2.6148778376,-0.1622750421,-3.0670533352,-9.4292135361,-6.7124551269,-3.3527959093,0.0178320546,0.2397029439,8.7081144559,5.3205460853,3.0356779319,-2.2128771762,-0.9060502896,-9.724217244,-9.0695620307,2.0500174219,7.7609039338,3.6609757949,1.6950456972,-4.8903014902,-3.1343850106,-0.6231880814,-2.2287843401,-13.6835682127,0.8746017098,0.3282651922,0.0287516703,1.0581305478,1.4480949258,0.2172251103,0.1664516281,0.6354701087,-0.7046088507,-5.2268955168,0.2892314555,0.3862428443,-0.263604205,0.5607551903,2.0628491586,-0.3363644917,0.8560897447,0.0657840646,-2.1666718689,-5.8342346782,5.6881538795,-1.0273317625,8.1396066895,-8.1291815273,8.6775012918,5.0380434484,8.6918037989,0.9761576974,-3.7642114591,-13.8558391162,-0.2545383491,-13.4444816536,-8.252028275,7.7406844357,14.7891164316,9.7081418304,8.0057698347,0.3987794245,-1.118136523,-18.3394203723,-0.2329648319,-0.1348185791,-0.8560961202,0.9888135509,1.3477999507,-1.5666803876,0.3488611334,-0.5691170787,-0.9647617537,-6.0562321178,10.8918919931,-6.2435868477,-3.8751883331,7.4266157461,0.6788547031,-4.9113919079,4.0903423079,-1.9913542662,-1.587721586,-9.851063733,0.657151659,0.4915575737,-0.0800991689,0.7242662202,1.4611947117,-0.5988944344,0.4351604318,0.2584137766,-1.2646754281,-5.5782327532,0.877027066,0.9657569181,0.1400900874,1.2513378005,1.4647358744,-0.3349656181,0.2694843527,0.5924693493,-1.1776539925,-5.4852869575
biasActivation=0,1,1
[BASIC:ACTIVATION]
"ActivationSigmoid"
"ActivationSigmoid"
"ActivationLinear"
