encog,BasicNetwork,java,3.1.0,1,1442537646315
[BASIC]
[BASIC:PARAMS]
[BASIC:NETWORK]
beginTraining=0
connectionLimit=0
contextTargetOffset=0,0,0
contextTargetSize=0,0,0
endTraining=2
hasContext=f
inputCount=9
layerCounts=1,19,10
layerFeedCounts=1,18,9
layerContextCount=0,0,0
layerIndex=0,1,20
output=0,0,0,0,0,0,0,0,0,0,0,0,0,0,0,0,0,0,0,1,0,0,0,0,0,0,0,0,0,1
outputCount=1
weightIndex=0,19,199
weights=-2.0181305906,-1.6176376501,-5.0645692759,0.2171978681,2.9653989371,-0.5875432632,-2.2190215822,2.7557938582,-3.791308298,4.2253726215,-0.108825712,-2.4689801683,0.1949213537,-1.3811676593,-0.5677962331,2.0023366012,-0.3339724263,-0.5479787524,0.1720964975,-2.1199862635,6.314461507,-3.3988386744,-6.3551879048,-15.677208202,0.5101416455,-3.1432324206,-6.6680982689,1.2420172791,-12.5979849274,7.2780770613,-3.4818881447,13.286054608,5.4767322425,-2.5860974177,2.9659782532,5.4711288746,2.489186505,-10.5413392532,-11.5150559498,0.2065088927,-5.9340468793,-5.5782398049,4.8483884807,1.2231976254,1.4005181403,-8.8536967403,-1.1038660349,1.7098644337,-10.4244921533,0.8599119518,0.0872445718,0.9591578565,0.8659950581,1.2437218987,0.5262279495,0.5174122761,0.1382051633,-1.0744074146,-5.1734213361,0.5060900463,16.9136056607,-19.4176313404,-6.723601876,5.2041944019,6.7570197461,6.1510854902,-10.9221133891,-12.2408261348,-7.6081391544,-18.5314898041,-0.3610817233,3.3146244273,3.8070387893,4.6604480805,-11.1482401499,-6.5810407296,6.0779864941,-3.8387522634,-21.0372240915,7.2005516958,-12.2747356697,6.6788212728,0.6468777358,13.3535822334,6.7490747799,9.156466541,-4.2731634999,-13.3859509662,-16.3581811396,8.3654967208,-2.1692812593,4.1394232762,5.3583934043,5.0073325019,0.2312400579,-3.9247425765,-3.5938079077,-2.0872841589,-6.9287962129,-6.4727212292,2.9949914225,0.5920082554,-2.0833922856,6.0172557652,-0.1527854376,3.4911365428,-2.8046916228,1.797242299,-4.1799101564,-12.1915385073,-0.2349017368,6.8258917235,7.9188771627,2.3700624771,-4.9874361532,0.8270347091,-1.1647912024,-2.0490129334,-13.249315271,0.8280110889,0.2601436136,0.0213227508,1.0968494848,1.4482563418,0.4261860018,0.0740679527,0.5736757758,-0.6091412657,-5.2943265782,-0.5518021668,3.3930888749,-1.1195212739,0.8008822616,3.1482540549,-0.2912807047,-0.1520138068,1.685493657,-1.2228279006,-3.4796353783,5.7589924332,-0.0732145053,7.2932457662,-7.9144705851,9.8779499939,2.6095056804,8.6146389927,2.4665500492,-5.2051575772,-14.3440420277,0.6559383168,-11.8397480871,-9.4187414255,5.6631835168,12.2216070501,9.6005090832,6.6699289956,1.1508683145,-0.3711022409,-18.2857272455,-0.33128955,-0.1079359919,-0.908877071,0.8854624851,1.0621914512,-1.0770301835,-0.0886059718,-0.5802996759,-0.560398482,-5.9575285384,11.4150617802,-6.6707777873,-1.9182699409,7.7032724534,2.8627349005,-3.8575506188,4.6515127586,-1.2825600083,-5.3207426984,-13.1538961873,0.556753119,0.5298552138,-0.1179774387,0.6913472862,1.3285422017,-0.1658668468,0.1351911783,0.2024705897,-1.0293703386,-5.5895877725,0.7822929161,1.034393681,0.0339600207,1.2452453411,1.3043662682,0.2869853822,-0.1569084846,0.5226473875,-0.8050544021,-5.4682943417
biasActivation=0,1,1
[BASIC:ACTIVATION]
"ActivationSigmoid"
"ActivationSigmoid"
"ActivationLinear"
