encog,BasicNetwork,java,3.1.0,1,1442537628699
[BASIC]
[BASIC:PARAMS]
[BASIC:NETWORK]
beginTraining=0
connectionLimit=0
contextTargetOffset=0,0,0
contextTargetSize=0,0,0
endTraining=2
hasContext=f
inputCount=9
layerCounts=1,19,10
layerFeedCounts=1,18,9
layerContextCount=0,0,0
layerIndex=0,1,20
output=0,0,0,0,0,0,0,0,0,0,0,0,0,0,0,0,0,0,0,1,0,0,0,0,0,0,0,0,0,1
outputCount=1
weightIndex=0,19,199
weights=0.7183111849,-2.7056045933,-2.9805332104,0.1655881777,0.943381096,-1.5495620548,-2.6711451622,1.2418171724,-4.0181266132,3.4607417725,-0.0136159651,-0.547419904,0.8247620627,-1.4073257654,-0.3764138703,1.8989631923,-0.1967693054,-0.2279436162,0.4214833765,-0.7242732867,4.4009594399,-4.1979133696,-6.0776060442,-10.723858786,-2.1392535251,-1.6467470913,-5.7115655247,-1.2934439661,-14.8177242484,6.9089749552,1.1469676079,12.8955517845,4.7347704453,-4.8562735902,-0.115676446,5.9616506526,2.3329606968,-9.9144324644,-9.8501190859,-0.0911612509,-2.348259041,-3.5386779675,1.0858081527,3.4327375966,1.3294600052,-6.4350199954,1.7118197514,-1.6845717688,-6.6638175188,0.9437279765,-0.0125915034,1.0983818802,0.7301200392,1.140661539,0.9494462108,0.2610699797,0.1426143037,-1.0773359178,-5.0963125225,1.115432744,12.4709253862,-18.0216829943,-8.2804925646,3.1749123256,9.9160654782,2.8359446298,-11.0550912511,-11.8305346884,-11.2332245859,-19.0056777722,0.1426164388,2.9498940112,3.1530432916,4.3435992941,-11.8440750451,-6.8922484603,6.4810146609,-3.5015668308,-19.6186648109,7.2034071715,-10.5283318022,4.5161121052,1.0073538784,13.3625595727,2.8430487917,10.9448764906,-3.3800206356,-13.7171238963,-16.1964812608,4.3790282373,-0.7728025166,4.1217450041,3.696221686,2.2268082119,0.7285817634,-3.7980753347,-1.0225718131,-2.9960016867,-9.4166767143,-8.2676325015,2.5861016629,-3.1399994609,0.3101210845,6.4260735002,-3.9958599937,4.2374659017,-1.7574304343,1.3914144852,-8.4670592351,-7.6641845259,-2.0157801596,10.1186175494,3.9602541624,3.6489696894,0.182435648,-3.0325470002,-1.5935742877,-3.4181996097,-14.257860214,0.8773467561,0.2629949228,0.0423152904,1.0234409626,1.4909761617,0.3402712408,0.1369208841,0.588957033,-0.6969340664,-5.2255927578,0.1221094469,0.9866122255,-0.8686111366,0.4834439255,1.7370793746,-1.1434904099,1.0236080554,0.1867085388,-1.9530843834,-5.7317505496,5.1765681006,-0.1015540132,8.895972927,-6.832277246,8.9895233896,3.396049737,8.3907008143,1.6902121005,-4.6855874232,-13.7691841813,-0.6202184906,-11.2844578318,-10.1858585268,7.9378744464,12.9012930218,6.4032072733,9.1321409164,1.1671388,-0.2868079987,-18.5115720158,-0.3199811612,0.2340739846,-1.2716227797,0.9418537173,1.0991542277,-2.074100345,0.5169430077,-0.5008571795,-0.7776633494,-6.0146097707,11.9586653432,-8.7333084632,-0.6832733399,7.0029682959,2.4580968755,0.7760099112,1.65016825,-2.463692778,-4.467547465,-10.360857966,0.6178270756,0.6340957424,-0.279352735,0.6688366294,1.3770164002,-0.7349568063,0.4677673356,0.2503008207,-1.1789728079,-5.570580229,0.8355186818,1.1070266199,-0.0594729639,1.1826572789,1.3897819384,-0.4421927105,0.2891256027,0.5732395234,-1.087855372,-5.4767838532
biasActivation=0,1,1
[BASIC:ACTIVATION]
"ActivationSigmoid"
"ActivationSigmoid"
"ActivationLinear"
