encog,BasicNetwork,java,3.1.0,1,1442537653955
[BASIC]
[BASIC:PARAMS]
[BASIC:NETWORK]
beginTraining=0
connectionLimit=0
contextTargetOffset=0,0,0
contextTargetSize=0,0,0
endTraining=2
hasContext=f
inputCount=9
layerCounts=1,19,10
layerFeedCounts=1,18,9
layerContextCount=0,0,0
layerIndex=0,1,20
output=0,0,0,0,0,0,0,0,0,0,0,0,0,0,0,0,0,0,0,1,0,0,0,0,0,0,0,0,0,1
outputCount=1
weightIndex=0,19,199
weights=1.5181172918,-3.6918454272,-3.7806325706,-0.2620164475,3.4186104816,-1.1422550852,1.6086266163,-0.5041696354,-3.0843655633,2.6119418653,-0.1556974547,-1.8526525836,-0.9562726573,-1.7252236323,-0.4184977611,2.0048040925,-0.2581900196,-0.1882371973,0.6887639972,3.1685024793,4.9658396902,-1.8708407267,-6.6359041713,-8.4383048932,-2.6236978449,-4.108985396,-4.6209379258,-3.2620925413,-12.5096208393,7.3295649012,1.5384552808,11.0699706432,-0.8922399049,-4.8644597496,3.8054683479,6.4193242322,-2.4561716175,-10.4192281942,-7.575960248,-3.2734117278,-3.4436741704,-5.7967651956,1.1341976384,3.9909640367,1.6363911997,-7.2700186094,2.4138052738,-3.8737012207,-7.6761572169,0.9982915565,-0.0199188962,0.7098131797,0.6947297975,1.2018319381,0.6829341875,0.3834987554,0.1202940824,-1.0398994731,-5.3567350942,-0.5271808834,9.333432452,-10.8800760219,-3.9144620889,2.1144125382,9.9722226109,1.3657992422,-6.8266297678,-12.4917384405,-13.4130773946,-20.0838080086,0.7261323853,-0.0641808457,2.5167058501,2.4622539705,-12.5189964369,-5.3308810827,4.6481927824,-0.8793499218,-19.3329687075,7.5296467536,-16.1805372043,12.3197887479,3.1574232685,19.0510340228,5.0405939904,8.5932470722,-2.6325779546,-15.0406676777,-16.9449802993,1.8463973569,4.7794532003,-3.5427150831,2.2268509836,2.0636819313,-2.8621390458,1.2674757131,-1.8478034287,-0.669262118,-10.9710255962,-9.6894566065,5.5044496471,-11.021231779,-3.587641515,2.5552452349,-0.7848426773,8.8140837546,-5.501110999,2.9264199918,-12.0149354838,-6.2098076109,-3.968802974,16.1714588853,8.8027691634,3.4080152048,-1.4639647785,-3.8959805487,2.6225632628,-3.7705877015,-19.8105359778,0.7702293964,0.3013546366,-0.373725913,0.9205452902,1.4859513519,0.185354478,0.4296773536,0.520021301,-0.5506379106,-5.4711819291,-0.5325573587,2.5161715979,-8.7559547541,0.2561349485,2.0963312383,-3.0320560782,7.0200507353,-1.2990387028,-2.1864289455,-5.9147930414,3.8848421814,1.6246261577,6.9147742153,-8.4315666569,8.352925098,3.5657606313,6.9457378623,1.5229929665,-5.6424242671,-13.5887723567,-0.317053001,-7.2133596949,-22.8092526851,2.9663872589,8.0855935461,8.2287194647,14.1097964062,-1.2105088645,3.8773153955,-17.9390090952,-0.5968638583,0.632269093,-3.4403086815,0.1397974498,0.5174415865,-2.0878397459,1.9444202618,-1.1341952121,0.0962016504,-6.1894346664,11.5049686437,-10.3815263429,4.659302385,8.4914295893,0.8105192259,-3.5029985372,0.4149840728,1.1258057676,-4.7414225447,-12.3486348134,0.2919399944,1.0135608759,-1.6271022279,0.2207823493,0.9878742687,-0.8575870118,1.4139613808,-0.0832502256,-0.5681241064,-5.8383390107,0.3592461034,1.5933672489,-1.5841891623,0.6593353503,0.8816629038,-0.7109893999,1.4127285859,0.279465776,-0.2704911318,-5.8505281215
biasActivation=0,1,1
[BASIC:ACTIVATION]
"ActivationSigmoid"
"ActivationSigmoid"
"ActivationLinear"
